-0.7
2.6
2.5
0.7
0.0
-0.8
-4.2
-10.1
-8.2
-3.3
-1.1
-4.8
-5.1
-5.1
-6.5
-6.6
0.7
1.2
-7.0
-5.5
-0.6
1.5
-0.7
3.8
-0.1
3.1
-1.4
4.9
8.0
7.0
2.5
0.1
0.2
2.3
2.8
3.2
0.8
1.9
3.9
4.4
7.0
3.4
1.7
-0.1
3.5
5.9
9.7
6.0
4.9
2.0
1.0
4.5
4.1
3.4
1.5
4.6
4.2
2.0
2.3
3.4
7.3
5.0
3.7
10.4
2.5
1.9
-1.6
-1.1
1.2
3.3
7.8
3.4
3.0
6.7
12.1
5.4
5.4
6.5
8.6
9.3
9.0
9.1
4.8
-1.5
1.8
4.9
12.4
5.5
10.4
15.7
14.6
11.2
4.6
5.1
6.0
12.1
19.4
19.9
21.4
18.7
5.9
14.4
16.7
17.7
15.6
10.2
1.9
2.0
0.1
-0.9
-1.5
-2.4
-2.0
2.8
1.8
1.6
6.3
13.6
14.7
17.2
18.7
16.2
14.6
10.0
13.8
12.7
10.6
7.8
6.3
12.3
14.1
15.2
14.5
15.2
15.3
16.2
10.7
6.8
12.1
13.5
17.0
13.7
12.0
14.5
13.2
15.6
17.5
14.9
11.3
13.6
11.2
11.7
14.3
12.8
10.7
14.4
16.3
17.0
16.4
19.8
15.5
17.5
11.7
10.9
10.2
9.9
13.3
15.7
18.3
22.5
17.5
17.9
21.9
16.6
16.8
18.3
18.9
22.1
21.5
23.1
23.3
19.7
14.4
11.7
10.8
11.9
14.8
23.5
13.9
20.1
23.5
24.6
21.4
20.3
16.9
20.1
24.1
20.3
19.7
19.9
21.9
23.4
25.8
18.8
20.6
15.1
19.1
18.9
20.9
15.2
17.7
23.7
26.7
23.5
14.8
19.5
17.7
13.7
20.5
23.3
17.0
19.3
21.4
22.5
25.0
26.9
23.9
24.3
24.6
23.2
19.6
13.0
18.6
16.0
17.7
21.8
25.3
20.3
17.5
20.0
22.6
26.0
23.5
22.1
23.3
22.8
24.2
24.4
23.4
21.9
21.2
23.8
13.9
11.1
8.2
7.3
3.7
4.5
4.9
10.0
13.3
17.0
14.9
14.5
14.7
17.8
18.0
11.9
10.9
11.5
10.7
5.9
6.4
5.8
7.8
7.2
5.0
3.9
3.5
4.4
10.7
17.7
11.7
11.2
4.0
5.0
7.1
8.5
7.6
9.7
17.3
12.0
11.0
15.0
13.3
14.2
8.9
8.9
17.2
15.2
14.7
13.1
12.1
8.4
7.8
15.9
4.8
10.1
12.3
14.1
11.3
10.5
3.0
12.9
11.0
4.0
2.2
-1.4
0.7
0.5
5.8
-0.9
-1.8
2.8
-3.0
-5.4
-4.7
-4.0
9.4
10.6
6.3
1.9
3.0
-1.8
4.1
10.5
4.4
2.3
-3.1
-3.7
0.0
0.0
0.0
-2.7
-1.3
-0.1
1.3
0.6
1.3
0.1
1.9
1.1
4.0
3.9
-2.5
-1.5
-0.5
-3.2
-3.6
0.9
5.0
11.0
11.8
5.5
6.5
5.2
