-1.9
-2.4
0.1
-1.7
-1.7
-4.2
-11.9
-14.1
-12.1
-11.1
-10.2
-8.3
-7.5
-6.5
-8.3
-9.0
-9.5
-8.5
-10.6
-10.5
-7.8
-1.9
-2.4
-0.9
-3.1
-3.3
-4.4
-4.4
1.8
2.3
-2.4
-3.3
-3.8
0.2
1.4
0.0
-1.0
-4.1
-3.0
2.4
2.6
0.2
-0.8
-3.2
-2.4
3.5
4.6
1.1
-0.7
-0.4
-0.6
-0.8
0.4
-3.0
-3.2
-1.8
-1.8
-1.5
-1.7
-2.1
2.6
1.3
1.2
2.5
0.1
-4.7
-5.2
-5.4
-3.4
-0.5
0.2
0.1
-0.7
2.4
4.1
-2.4
-2.6
-2.1
-0.9
1.6
1.0
-0.2
-3.7
-4.2
-2.8
-3.7
1.4
-1.0
-0.6
9.7
8.8
0.5
0.9
0.4
1.5
3.1
7.8
14.4
14.0
0.4
0.4
1.5
5.0
6.8
6.0
-2.7
-3.2
-3.1
-3.0
-2.6
-3.6
-5.4
-6.9
-7.6
-4.0
-3.8
-2.6
3.1
4.7
5.4
8.4
7.0
6.3
5.3
4.9
6.5
6.4
3.2
3.3
4.0
5.4
7.2
6.8
6.7
5.9
5.5
5.9
5.7
5.3
6.6
6.7
9.2
7.8
6.9
8.3
8.1
8.3
9.9
4.9
4.8
7.9
7.4
9.4
8.4
5.6
4.9
8.8
7.1
8.8
9.0
6.1
6.5
2.7
2.8
4.0
5.5
7.8
6.6
9.9
10.2
7.2
6.3
11.4
8.4
9.9
9.2
9.4
12.9
14.3
13.6
12.9
10.4
6.5
5.9
5.6
4.5
7.7
11.1
6.8
7.9
13.2
14.3
13.5
14.1
9.5
9.2
13.5
10.2
9.6
10.5
13.3
14.7
15.8
11.0
10.6
9.1
7.7
11.8
12.8
8.9
8.4
10.0
14.6
14.0
9.7
9.0
9.9
8.0
9.6
14.3
11.6
10.9
10.8
12.5
12.2
16.9
15.2
14.8
13.9
14.7
13.0
8.7
10.6
7.1
7.0
11.7
14.2
10.0
8.9
10.3
13.2
15.8
14.1
13.0
14.6
15.1
15.1
16.1
13.9
12.7
12.8
13.8
8.2
6.6
3.6
2.3
1.7
2.7
1.9
3.8
9.0
9.4
8.0
7.0
7.3
10.5
10.4
7.5
7.5
7.7
4.5
1.0
0.9
0.8
4.3
3.4
2.4
3.1
1.8
1.2
4.1
8.0
6.5
3.8
-0.2
-0.1
1.0
-0.3
-0.4
0.8
2.5
4.7
7.0
6.4
8.5
3.2
2.4
3.4
8.9
5.4
7.6
7.2
6.7
5.9
3.8
2.6
-1.9
-2.0
3.3
5.7
-1.7
-1.8
-1.4
3.1
1.4
1.0
-3.9
-3.2
-2.9
-1.8
-3.4
-3.6
-3.9
-3.3
-5.8
-8.3
-9.2
-9.0
-4.3
6.3
0.6
-1.0
-2.0
-5.2
-5.2
1.2
1.2
-3.6
-5.0
-6.2
-3.7
-3.8
-2.7
-4.6
-4.2
-6.2
-4.0
-3.1
-7.6
-4.5
0.1
-0.8
-0.8
-2.5
-5.0
-5.5
-4.9
-6.0
-5.2
-5.7
-1.1
4.4
5.0
0.2
-0.6
-1.9
