-1.2
-0.5
1.6
-0.1
-0.5
-2.0
-8.9
-12.1
-10.3
-7.4
-4.9
-6.4
-6.6
-5.6
-7.4
-7.7
-5.1
-5.5
-8.8
-8.8
-3.9
-0.3
-1.7
1.3
-1.3
0.0
-3.5
0.9
5.5
4.4
-0.1
-1.4
-1.9
1.4
2.0
2.2
0.0
-0.8
0.8
3.7
3.8
2.1
0.2
-1.9
0.4
4.4
7.4
3.0
1.6
0.8
0.0
1.1
2.5
-1.1
-1.1
0.1
0.6
0.2
-0.4
-0.2
4.5
2.4
2.3
5.4
1.3
-0.9
-3.5
-3.5
-1.3
1.2
2.6
1.3
1.2
4.4
6.1
2.6
-0.3
1.2
3.0
4.9
4.9
4.4
0.7
-2.8
-1.6
0.7
6.0
1.2
5.5
11.5
10.7
6.2
2.2
3.1
4.2
7.4
13.4
15.7
17.2
12.2
2.6
6.9
10.0
11.4
10.6
5.0
-1.3
-1.3
-1.8
-1.7
-2.6
-3.8
-4.5
-2.9
-1.8
-1.8
2.1
8.1
10.2
11.7
14.1
11.1
10.4
7.2
8.5
8.9
8.4
5.1
4.6
7.7
9.3
10.4
9.7
10.9
10.8
11.0
8.2
6.3
7.5
8.9
11.2
11.3
9.1
10.5
9.7
10.6
12.1
12.2
8.4
9.2
9.1
9.3
10.4
10.6
8.0
9.3
11.1
11.4
11.7
13.7
11.2
11.0
6.3
6.9
6.8
8.0
9.9
11.4
13.3
16.6
12.8
11.7
16.8
11.8
12.4
13.4
14.5
17.3
16.8
17.8
18.9
16.0
10.1
8.1
8.0
7.2
10.3
15.0
10.2
14.3
18.7
19.8
16.5
17.1
13.1
14.3
18.7
15.6
14.0
15.1
17.4
18.5
19.8
15.3
15.2
11.7
13.1
14.8
16.2
12.4
12.6
17.2
20.1
16.7
12.5
14.5
13.2
10.6
14.6
17.8
13.9
14.8
15.5
16.6
18.9
21.3
19.5
18.8
18.6
18.4
15.8
10.8
14.8
12.1
11.8
16.1
19.9
13.1
12.9
14.7
18.0
20.4
19.8
16.7
18.2
18.5
19.2
20.3
18.3
16.8
17.1
18.5
10.6
8.5
6.1
4.2
2.6
3.3
3.6
6.3
10.8
12.6
11.0
10.2
10.9
13.2
13.0
8.9
8.6
9.3
7.0
3.8
2.5
2.9
5.8
5.2
3.4
3.6
2.6
2.7
8.0
11.3
8.8
8.0
1.8
1.9
3.3
3.1
3.0
4.0
7.6
7.6
8.9
10.0
11.1
8.9
4.8
5.6
11.8
10.4
10.8
9.0
8.4
7.0
5.5
9.1
2.2
4.1
7.5
9.1
5.4
4.0
-0.3
8.1
6.4
2.2
-0.6
-2.3
-0.6
-0.3
1.1
-2.0
-2.9
0.4
-4.8
-6.7
-6.8
-5.6
3.1
8.7
2.8
0.5
-0.6
-3.1
-0.7
4.2
2.9
-0.5
-3.8
-4.9
-1.3
-1.9
-1.1
-3.8
-3.2
-3.4
-1.1
-1.2
-4.5
-3.0
0.9
0.5
2.1
2.3
-3.4
-3.4
-1.9
-4.4
-4.1
-2.2
2.1
7.1
7.0
3.3
2.5
2.1
